-6.0496,-0.11618,0.19784,11.362,-14,-11,-14
-6.3023,-0.11326,0.21013,12.035,-14,-11,-29
-6.1516,-0.15392,0.17542,12.508,-14,-16,-14
-5.9659,-0.15012,0.21831,12.682,-14,-16,-29
-6.2418,-0.12987,0.15377,12.23,-14,-16,0
-6.0473,-0.1071,0.14842,11.81,-14,-16,14
-6.0329,-0.16474,0.29566,12.526,-14,-21,-14
-6.0439,-0.13512,0.29002,12.969,-14,-21,-29
-5.8651,-0.16749,0.21562,11.757,-14,-21,0
-6.086,-0.1067,0.15311,11.579,-14,-21,14
-6.3535,-0.1217,0.16847,11.982,-14,-21,29
-5.9802,-0.15071,0.26048,12.901,-14,-26,-14
-6.17,-0.093564,0.27426,13.123,-14,-26,-29
-5.9292,-0.16871,0.2741,12.869,-14,-26,0
-6.0446,-0.070353,0.2274,11.671,-14,-26,14
-6.0795,-0.12727,0.19283,11.78,-14,-26,29
-5.6904,-0.13707,0.28725,12.697,-14,-31,-14
-5.9937,-0.1893,0.29416,12.364,-14,-31,-29
-5.6761,-0.15635,0.31707,12.44,-14,-31,0
-5.7868,-0.16568,0.24745,12.053,-14,-31,14
-5.838,-0.15354,0.21011,11.509,-14,-31,29
-5.6363,-0.13094,0.26229,11.863,-14,-36,-14
-5.6548,-0.15725,0.28857,13.328,-14,-36,-29
-5.4458,-0.14649,0.36617,12.078,-14,-36,0
-6.0956,-0.18407,0.27385,12.337,-19,-11,-14
-6.1613,-0.14494,0.20361,12.226,-19,-11,-29
-6.1692,-0.17091,0.2523,12.808,-19,-16,-14
-6.3748,-0.16316,0.25411,13.559,-19,-16,-29
-6.0789,-0.17795,0.19152,12.109,-19,-16,0
-6.3876,-0.070813,0.082897,11.887,-19,-16,14
-6.1439,-0.16522,0.2875,12.953,-19,-21,-14
-5.9222,-0.15534,0.24634,11.915,-19,-21,-29
-5.8969,-0.19354,0.24431,12.304,-19,-21,0
-6.2894,-0.14063,0.17414,11.938,-19,-21,14
-6.2463,-0.1787,0.21163,12.475,-19,-21,29
-6.0883,-0.16679,0.31764,12.91,-19,-26,-14
-6.1373,-0.21047,0.33154,12.635,-19,-26,-29
-5.7881,-0.17651,0.259,12.56,-19,-26,0
-6.1009,-0.20939,0.22129,12.291,-19,-26,14
-6.2428,-0.14099,0.20905,11.796,-19,-26,29
-5.929,-0.21784,0.30395,13.038,-19,-31,-14
-5.9564,-0.12863,0.35391,12.743,-19,-31,-29
-5.7333,-0.17437,0.29658,12.542,-19,-31,0
-5.8296,-0.16863,0.26695,12.301,-19,-31,14
-6.3705,-0.081699,0.21366,12.373,-24,-11,-14
-6.213,-0.11449,0.17267,12.257,-24,-11,-29
-6.3575,-0.14591,0.17611,11.883,-24,-11,0
-6.3143,-0.11709,0.15136,11.651,-24,-11,14
-6.1913,-0.20531,0.2784,12.981,-24,-16,-14
-6.3595,-0.16481,0.25818,12.713,-24,-16,-29
-6.0555,-0.16568,0.23046,11.612,-24,-16,0
-6.2275,-0.18906,0.19617,12.423,-24,-16,14
-6.0217,-0.16499,0.29358,12.969,-24,-21,-14
-6.1127,-0.18572,0.32453,12.378,-24,-21,-29
-6.0102,-0.20183,0.21847,11.717,-24,-21,0
-6.0271,-0.20574,0.18145,12.419,-24,-21,14
-6.53,-0.13451,0.14559,12.112,-24,-21,29
-6.0589,-0.1874,0.3477,13.215,-24,-26,-14
-5.9863,-0.24114,0.30976,12.36,-24,-26,-29
-5.8116,-0.23187,0.2971,12.82,-24,-26,0
-6.4074,-0.12063,0.21752,12.25,-24,-6,-29
-6.2521,-0.074535,0.27829,12.947,-29,-11,-14
-6.0683,-0.14836,0.25884,12.544,-29,-11,-29
-5.9929,-0.16197,0.19052,11.375,-29,-11,0
-6.1525,-0.16106,0.18573,11.485,-29,-11,14
-6.3071,-0.16489,0.29395,13.588,-29,-16,-14
-6.028,-0.212,0.21211,12.82,-29,-16,-29
-6.1245,-0.17033,0.19534,11.888,-29,-16,0
-6.2887,-0.14865,0.1674,11.769,-29,-1,-14
-6.4295,-0.13508,0.21633,12.554,-29,-1,-29
-5.9383,-0.1365,0.30873,12.546,-29,-21,-14
-6.13,-0.20484,0.33803,12.624,-29,-21,-29
-6.1427,-0.10835,0.22037,12.321,-29,-6,-14
-6.2619,-0.08745,0.17953,12.414,-29,-6,-29
-6.2626,-0.095898,0.11388,11.796,-29,-6,0
-6.0622,-0.18173,0.18687,12.269,-34,-11,-29
-6.0788,-0.15141,0.24018,12.516,-34,-16,-29
-6.1852,-0.10122,0.1535,12.6,-34,-1,-29
-6.1596,-0.098341,0.21563,12.496,-34,-6,-14
-5.9421,-0.12564,0.22387,12.31,-34,-6,-29
-6.166,-0.10178,0.16118,11.713,-4,-16,-14
-6.1597,-0.10474,0.17299,12.073,-4,-16,-29
-5.9998,-0.048407,0.11515,11.525,-4,-16,0
-5.8604,-0.072347,0.12661,11.107,-4,-16,14
-6.0548,-0.022351,0.15706,11.839,-4,-21,-14
-6.1312,-0.078822,0.23201,12.6,-4,-21,-29
-5.8023,-0.15443,0.19327,11.927,-4,-21,0
-5.8389,-0.096198,0.13584,11.377,-4,-21,14
-6.2081,-0.071879,0.069442,12.092,-4,-21,29
-5.8743,-0.15667,0.23524,12.285,-4,-26,-14
-5.9206,-0.13492,0.2811,12.431,-4,-26,-29
-5.7851,-0.11089,0.19333,11.819,-4,-26,0
-5.8526,-0.018818,0.26966,11.466,-4,-26,14
-5.92,-0.12105,0.10181,11.784,-4,-26,29
-5.7368,-0.16529,0.30158,12.094,-4,-31,-14
-5.8618,-0.17414,0.31846,12.394,-4,-31,-29
-5.6708,-0.12603,0.24686,11.754,-4,-31,0
-5.6073,-0.12636,0.25637,11.221,-4,-31,14
-5.7745,-0.09996,0.17967,11.629,-4,-31,29
-5.3447,-0.17544,0.2993,11.091,-4,-36,-14
-5.5427,-0.17326,0.31551,12.529,-4,-36,-29
-5.3496,-0.15473,0.30404,10.93,-4,-36,0
-5.4413,-0.093113,0.27666,11.155,-4,-36,14
-5.8129,-0.14222,0.19945,11.996,-4,-36,29
-6.1584,-0.035881,0.16261,11.708,0,-16,-14
-6.2558,-0.097797,0.13451,12.145,0,-16,-29
-5.9937,0.02604,0.10878,11.466,0,-16,0
-5.8765,-0.0050176,0.11343,11.436,0,-16,14
-5.8679,-0.07112,0.22205,11.375,0,-21,-14
-6.2927,-0.16946,0.23271,12.596,0,-21,-29
-5.9145,-0.037869,0.20015,11.532,0,-21,0
-5.9191,-0.071442,0.179,11.545,0,-21,14
-5.7861,-0.084465,0.14307,11.311,0,-21,29
-5.7566,-0.033387,0.24702,11.495,0,-26,-14
-6.017,-0.13649,0.21781,12.119,0,-26,-29
-5.5946,-0.1072,0.20444,11.471,0,-26,0
-5.622,-0.11577,0.20631,11.261,0,-26,14
-5.6363,-0.088142,0.14901,11.302,0,-26,29
-5.7214,-0.17123,0.25168,11.468,0,-31,-14
-5.7478,-0.09443,0.22471,11.576,0,-31,-29
-5.4673,-0.090111,0.25573,11.109,0,-31,0
-5.5234,-0.12932,0.22233,11.225,0,-31,14
-5.6977,-0.058145,0.19901,11.541,0,-31,29
-5.4917,-0.076975,0.342,11.953,0,-36,-14
-5.5673,-0.15214,0.32477,12.231,0,-36,-29
-5.3512,-0.076,0.25643,11.266,0,-36,0
-5.4153,-0.11699,0.24042,11.282,0,-36,14
-5.6939,-0.11479,0.18397,11.86,0,-36,29
-6.0362,-0.039896,0.14965,11.723,10,-16,-14
-5.9724,-0.012391,0.17014,11.451,10,-16,-29
-5.9496,0.059572,0.080592,11.739,10,-16,0
-5.831,-0.0075899,0.087962,11.609,10,-16,14
-5.9848,0.0004747,0.1861,11.824,10,-21,-14
-5.8904,-0.04522,0.22246,11.624,10,-21,-29
-5.8693,-0.0030293,0.1224,11.885,10,-21,0
-5.4291,-0.04341,0.17459,11.116,10,-21,14
-6.0609,-0.0356,0.13843,12.264,10,-21,29
-5.7286,-0.039196,0.22871,11.456,10,-26,-14
-5.7696,-0.053572,0.24158,11.39,10,-26,-29
-5.6786,0.026669,0.19113,11.546,10,-26,0
-5.4929,-0.032256,0.1402,11.338,10,-26,14
-5.6781,-0.013755,0.18235,11.84,10,-26,29
-5.662,-0.096488,0.23704,11.664,10,-31,-14
-5.7151,-0.07893,0.18845,11.563,10,-31,-29
-5.6012,-0.0175,0.22042,11.789,10,-31,0
-5.3143,-0.05894,0.17502,11.198,10,-31,14
-5.4928,-0.042417,0.18827,11.586,10,-31,29
-5.2882,-0.039243,0.28158,11.216,10,-36,-14
-5.323,-0.037568,0.25674,11.259,10,-36,0
-5.1,-0.088819,0.25544,10.888,10,-36,14
-5.3191,-0.089413,0.22768,11.321,10,-36,29
-5.8319,0.029068,0.11875,11.547,15,-16,-14
-6.105,0.082823,0.14589,11.724,15,-16,-29
-5.7919,-0.014361,0.12227,11.494,15,-16,0
-5.7526,-0.0073194,0.14186,11.697,15,-16,14
-5.8207,-0.015449,0.099061,11.75,15,-16,29
-5.7187,0.020313,0.21101,11.52,15,-21,-14
-5.8606,-0.00064461,0.19851,11.462,15,-21,-29
-5.6171,0.0016115,0.18529,11.426,15,-21,0
-5.5859,0.016499,0.16209,11.566,15,-21,14
-5.6003,-0.052456,0.17661,11.437,15,-21,29
-5.6758,0.022537,0.23163,11.538,15,-26,-14
-5.6758,-0.080704,0.21914,11.397,15,-26,-29
-5.5149,-0.022031,0.16979,11.475,15,-26,0
-5.5627,-0.026673,0.18024,11.683,15,-26,14
-5.6091,-0.04658,0.13846,11.786,15,-26,29
-5.5063,-0.087631,0.26778,11.713,15,-31,-14
-5.7102,-0.095176,0.22804,11.714,15,-31,-29
-5.5604,-0.016103,0.17029,11.783,15,-31,0
-5.3521,-0.016754,0.19702,11.344,15,-31,14
-5.3901,-0.024217,0.20412,11.363,15,-31,29
-5.296,-0.022097,0.25846,11.328,15,-36,0
-5.1402,-0.046024,0.19192,11.079,15,-36,14
-5.4299,-0.013439,0.27601,11.656,15,-36,29
-5.8927,-0.033537,0.034605,11.873,20,-11,14
-5.9636,0.04622,0.17001,11.827,20,-16,-14
-5.8854,0.074687,0.13578,11.453,20,-16,-29
-5.7344,0.057304,0.10708,11.609,20,-16,0
-5.7042,-0.0097402,0.13651,11.783,20,-16,14
-5.581,0.037652,0.11225,11.423,20,-16,29
-5.8976,0.018697,0.15588,12.04,20,-21,-14
-5.9009,0.026533,0.15111,11.729,20,-21,-29
-5.7304,-0.037985,0.13567,11.791,20,-21,0
-5.7315,0.0021985,0.18095,12.081,20,-21,14
-5.488,0.016095,0.15418,11.475,20,-21,29
-5.6061,0.019017,0.21586,11.762,20,-26,-14
-5.551,-0.053463,0.23899,11.198,20,-26,-29
-5.6601,0.054842,0.19731,11.967,20,-26,0
-5.4692,-0.038254,0.16934,11.607,20,-26,14
-5.4952,-0.035248,0.14823,11.562,20,-26,29
-5.3002,-0.061476,0.242,11.17,20,-31,-14
-5.5145,0.015524,0.21242,11.799,20,-31,0
-5.3131,0.0016603,0.18146,11.406,20,-31,14
-5.343,-0.013647,0.18004,11.55,20,-31,29
-5.6652,0.11644,0.054296,11.283,25,-11,-14
-5.8342,0.057834,-0.014388,11.836,25,-11,0
-5.7305,0.048078,0.085756,11.683,25,-11,14
-5.7646,0.068494,0.031369,11.931,25,-11,29
-5.7248,0.1215,0.096728,11.611,25,-16,-14
-5.896,0.029139,0.12615,11.727,25,-16,-29
-5.5475,0.034076,0.16248,11.494,25,-16,0
-5.7047,0.045509,0.079237,11.992,25,-16,14
-5.7474,0.052127,0.023688,12.121,25,-16,29
-5.5737,-0.033638,0.19256,11.448,25,-21,-14
-5.658,0.028722,0.18514,11.388,25,-21,-29
-5.6606,0.027434,0.068357,11.975,25,-21,0
-5.5838,0.055202,0.07488,11.925,25,-21,14
-5.7543,0.0026158,0.050769,12.362,25,-21,29
-5.2802,-0.014068,0.14969,11.148,25,-26,0
-5.3514,0.030426,0.15605,11.373,25,-26,14
-5.3959,0.0057659,0.12583,11.708,25,-26,29
-5.8195,0.1357,-0.025703,11.663,30,-11,-14
-5.6734,0.15543,-0.018031,11.704,30,-11,0
-5.6899,0.048758,0.030683,11.87,30,-11,14
-5.6857,0.13266,0.028251,12.037,30,-11,29
-5.5711,0.10531,0.050549,11.7,30,-16,0
-5.5001,0.094295,0.065374,11.931,30,-16,14
-5.4877,0.080586,-0.017942,11.858,30,-16,29
-5.7906,0.075367,-0.065294,11.755,30,-1,14
-5.3256,0.065575,0.12783,11.549,30,-21,14
-5.2987,0.12149,0.10323,11.561,30,-21,29
-5.5967,0.13594,-0.033973,11.351,30,-6,0
-5.6873,0.032845,0.0059136,11.753,30,-6,14
-5.5625,0.17338,-0.015108,11.644,30,-6,29
-5.4568,0.13922,0.053872,11.439,35,-11,29
-5.5193,0.078591,0.062304,11.992,35,-16,29
-5.5361,0.16092,0.0064338,11.561,35,-1,29
-5.5121,0.074479,0.026511,11.628,35,-6,14
-5.5989,0.15928,-0.021726,11.827,35,-6,29
-5.8867,-0.03474,0.15807,11.221,5,-16,-14
-6.1011,-0.050374,0.11753,11.479,5,-16,-29
-5.8609,-0.031327,0.12254,11.394,5,-16,0
-5.8414,-0.012652,0.11884,11.478,5,-16,14
